a <- 100
b <- 10000

